ACCOUNT_ID=0.0.6500835

HEDERA_PRIVATE_KEY=3030020100300706052b8104000a04220420ec32aac74b22d2a322651f2501624dcb4c89fb0a7ce5ab53045be7f13ef03730

HEDERA_TOPIC_ID= 0.0.6534849